 cye=dalian; _lxsdk_cuid=1771fca7715c8-0b76a36e0e15af-4c3f207e-1fa400-1771fca7715c8; _lxsdk=1771fca7715c8-0b76a36e0e15af-4c3f207e-1fa400-1771fca7715c8; Hm_lvt_602b80cf8079ae6591966cc70a3940e7=1618824326,1618896608,1619010615,1619061614; _hc.v=38af1c67-4a50-3220-06f6-bf9f16e71c41.1611146098; s_ViewType=10; ua=Anthony_2255; ctu=45dc2c9dbeb503a51745ea28aa40fe6f6ec4ce4bca48aa2424fe6332cfd8b8d1; Hm_lvt_4c4fc10949f0d691f3a2cc4ca5065397=1611653073; aburl=1; Hm_lvt_dbeeb675516927da776beeb1d9802bd4=1611728167; cy=19; fspop=test; _lxsdk_s=178f797a42b-b50-08b-f70%7C%7C60; Hm_lpvt_602b80cf8079ae6591966cc70a3940e7=1619061643; thirdtoken=4e2c1c1a-71f2-4344-9255-a2a8f2c75668; dplet=b11bf062fae8806e76b43ddb55e2747b; dper=1689a270a0b8657163f4bce8fddf44967676832d0ed786fd273a494544daaed36aa26e4de6e3baf32d3907bb7024b95f685c2646c4c9160130646fd573a257b86e37b86fb5c871cf87896d7061a103eeac6e34257da877d6a7a54cb454b69c74; ll=7fd06e815b796be3df069dec7836c3df; ctu=4525a0f2c414ada41ff73a83012b0cecdf318d8ddd91922b2c3a1fbbd597000413648971d0c3c4b1b3c52cf3bbeafacb
 s_ViewType=10; _lxsdk_cuid=178f79a11042b-05c63d5b402a14-4c3f237d-1fa400-178f79a1105c8; _lxsdk_s=178f79a1105-ac0-467-5eb%7C%7C76; _lxsdk=178f79a11042b-05c63d5b402a14-4c3f237d-1fa400-178f79a1105c8; Hm_lvt_602b80cf8079ae6591966cc70a3940e7=1619061773,1619061786; Hm_lpvt_602b80cf8079ae6591966cc70a3940e7=1619061820; _hc.v=58af83f3-f206-6e2e-5af9-4711bba63d07.1619061773; thirdtoken=d234e37e-429d-4bf7-b8cf-b720dda11e07; _thirdu.c=69ed78f656e54e3e9af97e235601e05d; dplet=58086aaed9f7597d837740bcb0057848; dper=70c34eca4c27ca7974ad779606bbe183477be37f6eacf5949ee1c9b4a13ca2d1d759a4f4d443706b7e57173ed7b790a3724704eb523977079da9c9ba328cbb62736116aee311158795dd1cca6054016d6948a328565e890a217d7df05037b94f; ll=7fd06e815b796be3df069dec7836c3df; ua=dpuser_4715891897; ctu=78e4b8dbb32a06998fcf72c132c6597df491580d616154420d94a79c6c9e3263; fspop=test; cy=19; cye=dalian
_lxsdk_cuid=1876b178abac8-09ce28589537fb-7e575476-1fa400-1876b178abac8; _lxsdk=1876b178abac8-09ce28589537fb-7e575476-1fa400-1876b178abac8; _hc.v=8eec573c-1f7d-75b1-d7b8-c2c8315b13b3.1681128918; WEBDFPID=w41uzu6487y65w4vz76ww3uv3w15z1078123y82z0u397958z1763x05-1996488925765-1681128924926AMCUMUCfd79fef3d01d5e9aadc18ccd4d0c95077946; Hm_lvt_6bc30b61e75e1c8b9c509994370bd6e9=1681129057; cy=63; cye=yingkou; s_ViewType=10; dper=a9cba728d1495a74541b662e8153df2d57f498ce25420e324dd97f85dac006b3ed3b314c5e3d472fa62297013b01a3da2d238b5422f18313d04b0481c93df93b; qruuid=868ac67a-83e6-4d48-8994-373161c15ab3; _lx_utm=utm_source%3Dbing%26utm_medium%3Dorganic; ll=7fd06e815b796be3df069dec7836c3df; Hm_lvt_602b80cf8079ae6591966cc70a3940e7=1699247888,1699360576,1699531536,1699849644; Hm_lpvt_602b80cf8079ae6591966cc70a3940e7=1699849644; _lxsdk_s=18bc6ef260e-6a9-582-944%7C%7C22
